My Blosum Matrix
  A C D E F G H I K L M N P Q R S T V W Y
A 14 7 0 0 0 0 0 0 8 0 0 0 0 0 0 0 0 0 0 0
C 0 17 0 0 0 0 0 0 5 0 0 0 0 0 0 0 0 0 0 0
D 7 6 15 0 0 0 0 0 6 0 3 0 0 0 5 0 0 0 0 0
E 7 7 10 14 2 6 0 0 8 5 9 9 0 0 6 6 6 6 0 0
F 5 9 6 0 16 0 0 0 -1 0 8 0 0 0 6 0 6 0 0 0
G 6 8 7 0 2 16 0 0 6 6 6 7 0 0 8 9 7 7 0 0
H 8 -99 6 3 4 5 17 9 4 6 9 8 6 0 9 8 6 6 0 0
I 7 7 7 5 7 5 0 15 5 9 8 8 0 0 6 6 7 11 0 0
K 0 0 0 0 0 0 0 0 15 0 0 0 0 0 0 0 0 0 0 0
L 7 8 5 0 10 0 0 0 2 14 10 2 0 0 7 6 5 9 0 0
M 7 10 0 0 0 0 0 0 3 0 18 0 0 0 7 0 0 0 0 0
N 7 5 9 0 5 0 0 0 6 0 4 16 0 0 8 0 9 0 0 0
P 8 8 3 8 4 4 0 6 5 6 4 6 15 0 4 9 6 4 0 0
Q 8 10 3 8 6 5 12 9 10 7 5 8 5 16 8 5 4 5 3 3
R 6 9 0 0 0 0 0 0 10 0 0 0 0 0 15 0 0 0 0 0
S 9 7 5 0 4 0 0 0 8 0 6 9 0 0 6 14 9 6 0 0
T 8 8 4 0 0 0 0 0 8 0 9 0 0 0 7 0 15 0 0 0
V 9 7 6 0 5 0 0 0 6 0 9 7 0 0 5 0 7 14 0 0
W 2 6 1 6 8 10 3 4 7 6 3 3 4 0 4 2 4 8 18 1
Y 3 9 4 6 11 4 10 7 3 5 2 6 6 0 7 6 7 5 0 17
